16.1363664
16.1555448
15.6800038
16.402131
16.1144052
15.909353
16.3709564
15.910276
16.2861414
16.5687417
17.3352179
17.6386982
17.4143776
16.4775138
15.7679419
16.0211573
15.4150953
15.5333992
15.4428531
15.5927581
15.5365789
15.4741329
15.5580088
15.4027261
16.9552558
16.5068844
16.7743959
16.944726
17.036785
16.9790372
17.1997072
17.1793723
15.6475259
15.3949075
15.4454871
15.7535206
16.0409485
15.4701384
16.3722779
15.2055558
16.7843169
17.1701321
16.9115411
16.7783578
0.3110947
16.9475351
16.9838776
16.7337346
16.7623243
15.7840439
15.8563457
16.4021879
15.8985381
16.4711196
17.3369502
15.5219167
16.737363
15.7451553
15.5147767
15.5146693
16.0750652
15.7792889
15.5554646
15.9635776
15.7697287
16.9295745
17.2456036
16.7142742
17.1221253
16.4150278
16.5595154
16.4449979
15.443304
15.6718263
16.0237576
15.5322897
15.9021792
15.7346328
15.766271
16.9349888
15.8101208
