7.0167896
7.1272297
6.7964872
6.8554113
6.8442893
6.8263991
6.8283962
6.3359855
7.0595371
6.7151846
6.571955
6.4033955
6.5379564
6.551558
6.7880386
6.328262
6.679566
6.493173
6.6805267
6.5838265
6.4798196
6.2797416
6.158874
5.8041802
5.8235387
6.0062853
5.8143226
6.1541435
6.4611525
6.3257806
6.4077029
6.4086553
6.4303704
6.2911316
6.5072502
6.9974602
6.7899568
6.9530347
6.7878535
6.7681887
6.388912
6.8650906
6.3468245
6.5494707
6.5222072
6.4707879
6.5261441
6.41746
6.4377599
6.6470271
6.6787389
6.7813792
6.6589445
6.4893853
6.4735087
6.7406808
6.348494
6.4101134
6.1349641
6.163454
6.5877195
6.3692384
6.4621089
6.8339774
6.5103509
6.7194535
6.505156
6.6544848
6.5018346
6.3600187
