6.3590072
6.5447873
5.8311747
5.8954841
5.6761978
5.9646296
5.6467613
5.7979251
5.7999575
5.4917751
5.5768489
5.7333789
5.6811924
5.710139
5.6717621
5.5377043
5.5761045
5.5649719
5.6510186
5.713472
5.2087478
5.5298169
5.5528545
5.5555069
5.4327061
5.6577252
5.3740761
5.8957044
5.5621865
5.6291901
5.5526409
5.7204246
5.5964141
5.5586763
5.6671312
5.7993831
5.6447713
5.7949588
5.779963
5.5737969
5.4460967
5.5720782
5.4754172
5.4733025
5.5626494
5.4663552
5.4826047
5.6516268
5.5683349
5.5947111
6.1185382
5.8124452
5.3430334
5.6352965
5.3521769
5.5930937
5.484745
5.7839211
5.3529169
5.5615868
5.8818805
5.8015091
5.6803117
5.7376096
5.5123842
5.7213347
5.7015843
5.6939075
5.9156235
5.7093626
5.1769827
5.0849814
5.3197296
5.5840778
4.9280242
5.2315136
4.9535139
5.1955726
4.9642203
5.7392277
5.4573915
5.8179535
5.8088134
5.8737108
5.6253899
5.8695656
5.4779138
5.4934481
5.8280346
5.8151173
5.8688835
5.7430823
5.659423
5.7658788
5.4784794
5.8003285
5.5494137
5.7640657
5.6816739
5.8563279
