1.64560103512991e-11 -0.00431218547544063 -1.47925081965474e-34 3.42018739994781e-07
5.10858772130001e-11 -0.00591533902304345 -8.45866871257866e-34 2.1464862339809e-07
1.67706276534951e-10 -0.00779167926842412 -5.265707270598e-33 1.30444277289401e-07
5.36981135531615e-10 -0.0100268989394054 -3.22182280769341e-32 7.66345286666883e-08
1.66432609764544e-09 -0.0126976226436659 -1.92984578331899e-31 4.34481958576803e-08
4.97912334236066e-09 -0.0158609616191636 -1.13071862031576e-30 2.37274734394052e-08
1.43375716082918e-08 -0.0195389091767326 -6.47485654252141e-30 1.2455553951813e-08
3.96152967143508e-08 -0.0236977351363228 -3.62022245077076e-29 6.27041566653663e-09
1.0468134280209e-07 -0.0282249627802426 -1.97427430647978e-28 3.01935854461938e-09
2.63627601501033e-07 -0.032910212212179 -1.04891745234341e-27 1.38660541976929e-09
6.30571896750904e-07 -0.0374401501231045 -5.42250336514314e-27 6.0539717958211e-10
1.42795300446712e-06 -0.0414193774010832 -2.72416906405686e-26 2.50471652586762e-10
3.0532955511294e-06 -0.0444246304493955 -1.32833663703298e-25 9.78893255023294e-11
6.15325974312548e-06 -0.0460871382568044 -6.27952783031166e-25 3.60387315059884e-11
1.16802363386167e-05 -0.0461810230515413 -2.87514915812135e-24 1.24728321623681e-11
2.09051378901158e-05 -0.0446846913846946 -1.27396686409007e-23 4.05364463580152e-12
3.53973422360844e-05 -0.0417880108284372 -5.45949320637713e-23 1.23714267197173e-12
5.7100468950938e-05 -0.0378409480697762 -2.26176189052295e-22 3.5495977845268e-13
8.89022643030777e-05 -0.0332655537504861 -9.05519810807549e-22 9.59437147584047e-14
0.000136659164738954 -0.0284657567733533 -3.50260122289996e-21 2.44813105700461e-14
0.000214734724817965 -0.0237627574038031 -1.30863111771311e-20 5.84581324787893e-15
0.000404610149829576 -0.0265223771409235 -6.46583171377833e-20 1.43375701635799e-15
0.000683952140359961 -0.0290612986209043 -2.89598423547924e-19 3.33290322312429e-16
0.00108600277973652 -0.0311192333695913 -1.23970484801808e-18 7.33136827365256e-17
0.00163053869070821 -0.0324646186878966 -5.07580540527713e-18 1.52392618954436e-17
0.00231743507396024 -0.0329333965900223 -1.98425430755379e-17 2.99053751138978e-18
0.00312097788592076 -0.0324603171378175 -7.39285969004385e-17 5.53853623885439e-19
0.0039897927196914 -0.0310910698999928 -2.62063153295429e-16 9.68432402864867e-20
0.00485434325579536 -0.0289698372764663 -8.82429018418357e-16 1.60054479226873e-20
0.00564018401721342 -0.0263062966610558 -2.81826436902817e-15 2.50488655806884e-21
0.00628236798373252 -0.023333433022122 -8.52513938925897e-15 3.72110132430538e-22
0.00673610151376648 -0.0202689630696186 -2.43930920978105e-14 5.26170871995097e-23
0.00698073174434664 -0.0172890122107525 -6.593923024885e-14 7.10311653202188e-24
0.00701689472226212 -0.0145162838849743 -1.68206885383193e-13 9.18219444504973e-25
0.00685858097893481 -0.0120198346487376 -4.04518727295189e-13 1.13994683589847e-25
0.00652243434316277 -0.00982131593010921 -9.16403332589475e-13 1.36284358003643e-26
0.00601623931403782 -0.00790283453592025 -1.95463980057038e-12 1.57292791710417e-27
0.00532806086120353 -0.00621331666912448 -3.92482960372536e-12 1.7564580809494e-28
0.00441735510383059 -0.00467235916056893 -7.4216559277091e-12 1.90147147572748e-29
0.00320947101420932 -0.00317230803288805 -1.32286321959085e-11 2.00069425436663e-30
0.00159457260866993 -0.00158006831319252 -2.22630384779568e-11 2.18569565164529e-31
1.01452543628025e-09 -0.500000000069889 0 -0.499999999981996
1.71366971494282e-09 0 0 0
4.44627788689429e-09 0 0 0
1.12682573578302e-08 0 0 0
2.78801917191229e-08 0 0 0
6.73125109312079e-08 0 0 0
1.58501462987998e-07 0 0 0
3.6381379047422e-07 0 0 0
8.13578388144963e-07 0 0 0
1.77155925555986e-06 0 0 0
3.75410412284049e-06 0 0 0
7.73762248197909e-06 0 0 0
1.55029807409564e-05 0 0 0
3.01777604973541e-05 0 0 0
5.70407597759333e-05 0 0 0
0.000104635920462989 0 0 0
0.000186190361539167 0 0 0
0.000321230669231428 0 0 0
0.000537141607252061 0 0 0
0.000870234088625546 0 0 0
0.00136574018909584 0 0 0
0.00207611950764411 0 0 0
0.00305723908098689 0 0 0
0.00436243473933818 0 0 0
0.00603513267811118 0 0 0
0.00810142555923948 0 0 0
0.0105644621422857 0 0 0
0.013402421523667 0 0 0
0.0165710628131996 0 0 0
0.0200105325855244 0 0 0
0.0236547486908524 0 0 0
0.0274408540049601 0 0 0
0.0313163495206045 0 0 0
0.0352425292805231 0 0 0
0.0391942538995576 0 0 0
0.0431572438014627 0 0 0
0.0471244919802933 0 0 0
0.0510930815163554 0 0 0
0.05506200907444 0 0 0
0.0590310005186867 0 0 0
-0.500000000069889 0.500000000069889 -0.499999999981996 0
1 0 0 0
0 1 0 0
0 0 1 0
0 0 0 1
