0.0184472
0.0195287
0.0179198
0.0192183
0.0188865
0.01891
0.0205014
0.0199696
0.0187301
0.0200369
0.0195102
0.0198767
0.0185711
0.0178319
0.0179766
0.0185464
0.0178486
0.0201854
0.0206669
0.0187116
0.0172343
0.0187812
0.0181197
0.01851
0.0187988
0.0197597
0.0265013
0.0187848
0.0187364
0.0175326
0.019222
0.0195379
0.018158
0.018788
0.0203895
0.0201379
0.0184981
0.0190812
0.0184505
0.0187227
0.0184735
0.0189237
0.0186303
0.0166616
0.0184289
0.0197846
0.0188122
0.018537
0.0181217
0.0183388
0.0189893
0.0177641
0.0177254
0.0181498
0.0174832
0.0186833
0.0273784
0.0199046
0.0193256
0.0187036
0.0178041
0.0189278
0.0190754
0.0193626
0.0179751
0.0190751
0.0187661
0.0171032
0.0178181
0.0201632
0.0181157
0.0182767
0.018464
0.0183984
0.0174713
0.0188352
0.0190799
0.0179269
0.0186313
0.0185301
0.0196691
0.0179362
0.0188286
0.0178322
0.0175693
0.019469
0.0259252
0.0174337
0.018372
0.0187769
0.0186976
0.0182947
0.018675
0.0182296
0.0195448
0.0175222
0.0185648
0.0196135
0.0173048
0.0196668
