0.0017855
0.0021905
0.0021611
0.002724
0.0019272
0.0019527
0.0020965
0.00205
0.0018138
0.0026304
0.0020229
0.0017258
0.0018706
0.001931
0.0019088
0.0023663
0.0018884
0.0015239
0.0016233
0.0015782
0.0015098
0.0019297
0.0017882
0.0027339
0.0024108
0.00231
0.0025403
0.0016131
0.0019225
0.0018505
0.0017659
0.00142
0.0019325
0.0021678
0.0014941
0.002434
0.0018188
0.001446
0.0016018
0.0019902
0.0023311
0.0021757
0.0150267
0.0018088
0.001517
0.0020555
0.0019058
0.0023474
0.0027157
0.0017193
0.0016898
0.0016311
0.0016336
0.002632
0.0022214
0.0023418
0.0019358
0.0015946
0.0015494
0.0016617
0.001522
0.0021307
0.001853
0.002507
0.0019287
0.0027185
0.0026903
0.0023202
0.0022484
0.0015849
0.0019057
0.0016978
0.0017674
0.0017967
0.0020203
0.0017999
0.0022788
0.0015102
0.0015234
0.0019175
0.0015773
0.0027517
0.0020359
0.0020965
0.001752
0.0067108
0.0014618
0.00212
0.001685
0.0021795
0.0014538
0.0019432
0.0017187
0.0015143
0.0016916
0.0016273
0.0017447
0.0013047
0.0016832
0.0016277
