0.0154295
0.0163136
0.0150306
0.0166605
0.0155966
0.0171329
0.0152509
0.0144023
0.0164957
0.0164756
0.016985
0.0159388
0.0156152
0.0154735
0.0150939
0.0163419
0.0164754
0.0155533
0.0148286
0.0154804
0.0155143
0.0152318
0.0166114
0.0160851
0.014493
0.0146227
0.0160016
0.0170115
0.0151157
0.0150713
0.0152598
0.0157274
0.0158714
0.015638
0.0154674
0.0167315
0.0161641
0.0168975
0.0148511
0.0155095
0.0143726
0.0231338
0.015206
0.0157133
0.0157254
0.0172128
0.0158254
0.0153322
0.0159295
0.0150455
0.0148428
0.0160553
0.0157036
0.0155628
0.0155115
0.0150585
0.0153354
0.0153803
0.0150137
0.0167191
0.0155931
0.0147398
0.0158075
0.0157921
0.0162114
0.0166557
0.014407
0.0147589
0.0150382
0.016491
0.016306
0.016847
0.015566
0.0146986
0.015666
0.0155705
0.0163682
0.0160807
0.0156159
0.015525
0.0170611
0.0152474
0.01689
0.0165876
0.0158357
0.0155987
0.0159063
0.0159191
0.0166076
0.0152068
0.0165898
0.0163976
0.0144042
0.0163264
0.0159881
0.0162934
0.0151462
0.0164463
0.0154085
0.0166842
