0.0014661
0.0014257
0.0011019
0.0009541
0.0013841
0.0016957
0.0009817
0.0018504
0.0009178
0.0016466
0.0012261
0.0009683
0.0017621
0.0015817
0.0011504
0.0010131
0.0019529
0.002029
0.0014249
0.0009834
0.0017535
0.0015319
0.0013094
0.0010051
0.0017159
0.00143
0.0011661
0.0011058
0.0019231
0.0020053
0.0009691
0.0012739
0.0016073
0.0014457
0.0021537
0.0016683
0.0013448
0.0010611
0.00184
0.0021076
0.0014067
0.0010489
0.0019955
0.0013986
0.0011991
0.0009606
0.0011602
0.0009823
0.0010346
0.0015746
0.0012615
0.0008773
0.0017207
0.0017109
0.0012158
0.0008898
0.0014965
0.0007961
0.0009133
0.0017113
0.0010267
0.0008795
0.0018662
0.0018268
0.0008928
0.0012263
0.0012122
0.0008797
0.000956
0.0017492
0.0009427
0.0008571
0.0018482
0.0017625
0.0009483
0.0010189
0.0015507
0.0008194
0.0008489
0.0011304
0.0008556
0.000873
0.0007956
0.0010028
0.0014313
0.0009024
0.0009039
0.0012382
0.0010396
0.0008717
0.0010341
0.0020991
0.0017604
0.000931
0.0012639
0.00162
0.0012718
0.0011352
0.0014042
