0.0145887
0.013882
0.0142538
0.0137904
0.0147946
0.0145424
0.0138989
0.0144783
0.013348
0.013826
0.01498
0.0139358
0.0143199
0.0133925
0.0148276
0.0151782
0.0140173
0.014792
0.0133978
0.0206199
0.0138154
0.0136969
0.0147029
0.0135005
0.0134435
0.0144127
0.0137576
0.0145987
0.0138544
0.013719
0.0133475
0.0143165
0.0147071
0.0137563
0.0140357
0.0152388
0.0146781
0.0134954
0.0150851
0.0139258
0.0140455
0.0153393
0.0145174
0.0146799
0.0129851
0.0153412
0.0142262
0.0152989
0.0135345
0.0136796
0.0141496
0.0146145
0.0195538
0.0134915
0.014136
0.0141608
0.0151948
0.0154264
0.0143534
0.0141902
0.0149459
0.0141527
0.0149502
0.0141649
0.0144232
0.0140315
0.0148913
0.0138276
0.0142963
0.0135211
0.014005
0.0137765
0.0141339
0.0137313
0.0144809
0.0148405
0.0140073
0.0133336
0.0140065
0.0139767
0.0142411
0.014365
0.0142372
0.0140763
0.0144241
0.013472
0.0141587
0.0138341
0.0143173
0.0139488
0.0143929
0.0136395
0.0146113
0.0146005
0.0117033
0.0140947
0.0135711
0.0146613
0.0138636
0.0139742
