0.0056248
0.0009482
0.0009031
0.000907
0.000908
0.0010171
0.0013539
0.0007865
0.0011758
0.0006541
0.0008854
0.0010428
0.0007197
0.0011655
0.0007684
0.0007683
0.0007857
0.0006198
0.0012144
0.0007603
0.0011839
0.0007244
0.0007795
0.0008087
0.0006845
0.0009852
0.0006676
0.0010857
0.0006992
0.0008656
0.0008006
0.0008538
0.0010979
0.0009843
0.0010424
0.001168
0.0013355
0.0011581
0.0011143
0.0009932
0.0010491
0.0009208
0.0009735
0.0010657
0.0007714
0.0010827
0.0007983
0.0012918
0.0010816
0.0012362
0.0010799
0.0011749
0.001088
0.0009987
0.0012054
0.0008642
0.0010341
0.0011583
0.0011519
0.0009546
0.0013566
0.0007896
0.0014616
0.0008698
0.0015537
0.0008997
0.001343
0.000965
0.0012982
0.0009966
0.0012503
0.0009138
0.0013585
0.0009232
0.0011521
0.0010206
0.0010069
0.0009141
0.0008483
0.0010075
0.0008089
0.0012593
0.000787
0.0014128
0.0008155
0.0014006
0.0007993
0.0012234
0.0010284
0.0013247
0.0008356
0.0010038
0.0008483
0.0008303
0.0011241
0.0007636
0.0012293
0.0009434
0.0014189
0.0008372
