0.0014225
0.0008682
0.001078
0.0009598
0.0019088
0.0013663
0.0017711
0.0022724
0.001126
0.0011742
0.0012338
0.0013336
0.0012601
0.0012409
0.0011962
0.0013353
0.0029243
0.001708
0.0021966
0.0014105
0.0010078
0.0012418
0.0012523
0.0013395
0.0010153
0.001112
0.0013929
0.0019227
0.0015189
0.0013249
0.0009946
0.0010558
0.0011595
0.0018153
0.0012234
0.0017259
0.0011229
0.0020041
0.0023389
0.0016789
0.0017178
0.0017385
0.0015431
0.0019983
0.0013656
0.0011369
0.0186236
0.0014871
0.0016184
0.0012081
0.0011864
0.0013418
0.0013927
0.0019129
0.0017068
0.0012216
0.0013313
0.0011241
0.0016489
0.0016747
0.0015832
0.0013971
0.0013319
0.0010793
0.001694
0.0021005
0.001166
0.0014122
0.0010263
0.0011322
0.0019317
0.0016047
0.0012412
0.0014338
0.0014215
0.0010835
0.0011064
0.0010968
0.0019455
0.0015177
0.0013079
0.0011771
0.0010907
0.0013123
0.0010871
0.001273
0.0010835
0.0014284
0.0015379
0.0012789
0.0017475
0.0022148
0.0018542
0.0011698
0.0011653
0.0011505
0.0011245
0.00144
0.0020303
0.0012605
