15.6269587
16.2621744
16.2468624
15.6394493
15.7494534
17.3119462
15.8207113
15.8643393
15.868131
15.6128028
1.5437186
1.7661585
1.5742383
1.6181731
1.5984716
1.5219481
1.7257323
1.7860517
1.7399653
1.6682976
1.6689818
1.5653762
8.7453792
9.3471796
8.5852313
8.5522158
10.5573849
9.9761077
10.7232319
10.2161051
9.3065233
10.1760927
22.3950752
3.0003292
3.076618
2.8686266
10.3874622
9.0267581
9.9492308
9.4722575
10.4546031
10.2409984
10.1757063
9.0032342
9.8136898
9.4544498
9.038758
9.2568837
12.0541741
9.3687478
9.5406574
