0.0223113813166126 0.0549187816475684 0.0516077599353629 -0.117613390384125 0.12251287582377 -0.123093646975465 -0.138632975223711 -0.148430814093374 0.09595461487046 -0.240886581541668 0.100199582751882 -0.125207594570011 -0.148429866447675 0.0472252878986508 0.0723611659810793 0.0330754028780249 -0.036982757904322 0.275389960780335 -0.0258426900687713 -0.356555270828248
0.0958561425374139 0.313764793217161 0.0191668734639392 -0.0290710669078467 -0.10107534020779 0.1783162414274 0.230063556368327 0.353805279338747 -0.100158615881846 -0.0110265606317301 -0.0461065475959469 -0.0613839763348076 -0.069806822154668 0.0602432025770514 0.0221286398004148 -0.0173426352016397 0.0542366014380493 0.0788660571944924 0.00540206960913333 -0.292363721829382
-0.0776582845971016 0.168260524657952 -0.242897191933972 -0.0387188436905287 0.120142412690495 -0.0687120549348131 0.153663494591552 -0.151900052448631 0.198383379737077 -0.0641649320185309 0.0427501749047529 0.233514260932533 0.125676616506668 -0.0552608749151658 -0.125331564395532 -0.142609814723361 0.120491555049025 0.218979834890469 -0.201353625507737 -0.121071987971543
-0.192605023005168 0.054783476000101 0.0899275375870571 0.154086954694574 0.188379412564801 -0.0464354768265221 -0.0671546559258221 -0.155335785087418 -0.142800069199247 -0.282041812274894 0.0503923189411548 0.0783942169499758 0.0572491576790598 -0.0869123232069717 -0.118420755986696 0.106480634771366 -0.076669504314417 -0.339145430596862 -0.268256455959038 0.0152668751916843
0.0559801903835206 0.0270131008284705 0.0576117788150131 0.130100186000142 -0.00594641469503031 -0.192890005573563 -0.192030915097725 -0.0205520323053467 -0.0676885132727047 0.0996280831316337 0.0463802403712841 -0.0271278367825365 -0.110289964173439 0.393744717557465 0.0393502083313733 -0.101415017556232 -0.0466631301473203 -0.0926944134814065 -0.183322667484927 -0.0376835545409755
-0.0796485261041914 0.0870264576547373 0.165854982606022 0.148495085020043 -0.0819883515704748 -0.149450886438007 -0.169320553629221 -0.458984767214035 0.0732428077845766 -0.0837091199340795 -0.00118739990964363 -0.0700668620611646 0.151354980157919 -0.00350227000903554 0.10243339290623 0.0541323207263639 -0.0091863829154509 0.0809499218490424 0.13719742697528 -0.0670015476965824
0.0152214833637143 0.0160342296359129 0.178224082456552 0.0195981551231645 -0.262950879249549 0.0727583001501345 0.0752809516399456 0.0424870715665862 -0.0130966910747932 -0.00510866137816589 0.296549381311394 0.0212619283533517 0.258182240432357 -0.280356408207951 0.162995853001137 -0.14030007562378 -0.103776111666487 -0.0132469415084247 0.0414055826289351 0.0507031505761483
0.146434381895497 0.100926039202732 0.107147936167674 0.220163847642412 -0.00474872190872471 -0.142657555892516 -0.0703095576161245 -0.0216321823240056 -0.00865983924352847 -0.255123792918747 -0.0942163190161188 -0.0191786762105649 0.0133362926455395 -0.196110147363304 0.00671178381019042 -0.0174801218361778 -0.250349111403697 0.0523060158871828 0.505352853969334 -0.0396413213899636
0.118570881749491 -0.0108552929352651 0.236649469126465 -0.0714003117963511 -0.0179353346846979 0.0185061393082023 -0.0181183974408595 0.00394588005731986 0.112931785517544 -0.0697550513055663 -0.264019202274591 0.083043946853074 0.0801109384896962 -0.00100303764600771 0.0653139611670577 0.110897495165099 0.0345255937211557 -0.0229370780431971 -0.223127432613605 0.238033552358703
-0.137298341628761 -0.100962991455475 0.111998601649435 0.0517550821891652 0.125049151062998 0.0935080144125007 -0.112698915620908 0.0256540196746701 0.106001522828002 0.068200899785966 -0.183615357465759 0.0937227256386186 0.115997635186255 -0.218805042645776 0.110419269080743 0.0364048430744786 -0.224555766784273 0.162046159542787 0.102316442746428 -0.148432195092841
0.127049604160181 -0.187279377401224 0.0503007875159644 0.0394410672951002 0.00637502549073149 0.0951787011230658 0.248994452933024 -0.137115651320585 -0.256928255671647 -0.0229938896681111 -0.269877728983527 0.0294088548153173 0.152615471181762 -0.191794171256851 -0.100254713285653 -0.0266118779352038 0.12686574447216 -0.165130456161366 0.0393356577250071 -0.0765962171243885
-0.106250928332367 -0.0418037820452506 0.200605963293401 0.0387107614363492 -0.0413005208378204 -0.0796123382216704 0.07125829319326 -0.0387133506142587 0.0213054101761126 0.0335399656029111 0.0961606500286501 0.102111438105876 0.0202058381437575 0.256127853851632 0.1820274860956 0.0815217734485708 0.163175362224902 -0.140347817619122 0.0851281306423266 0.0668435156321943
-0.217502652884545 -0.0190228328768047 0.162290299851199 -0.0171861807130494 -0.0558785105467092 0.0190483084004478 0.19157243696041 -0.187751978244912 0.0769293416874733 -0.0161297021078165 0.118438116496384 0.0399055837426286 -0.0821528431373641 -0.0620289739523604 0.0221442242829998 0.103236515338625 -0.0245708743048806 0.0440430025542281 -0.139678041448568 0.253359137079839
0.290574721884915 -0.15817378164577 -0.0157305012686496 0.143987292355449 0.348810125693779 0.345495949351564 -0.254182730469433 -0.0130880439422171 -0.0310238465132118 -0.100249872757517 -0.0950749934477547 0.196564723066906 -0.0129269995916408 0.057708800150539 0.133947584959087 -0.05790368273146 0.000169860617707317 0.208186717113209 -0.0646942512548102 0.0058816141811755
0.00742318307898269 0.102047957639734 -0.0257583569606564 -0.113254459691489 0.104909675201681 -0.0570193600908728 0.0780856137547784 -0.257129761229481 0.0329435831012707 -0.134681042892112 -0.122671971635579 0.22038020879382 0.0667479725271558 -0.0141820894274835 0.0781327342261294 -0.129719777183757 -0.0901953737330372 -0.134691915541026 -0.130482629127418 -0.0436758006720776
-0.0485849790420361 0.0804944191696347 -0.208664093155782 0.013748920471722 -0.104344664180281 -0.0501256505446829 -0.0957568356903717 0.00892750072203475 0.114307604416171 0.060508521927796 -0.0388225456722205 0.0973834767829894 0.0519021098450421 0.0126534999026494 -0.199646458440184 -0.343956237591697 0.14233153028673 -0.0690294928799413 0.0694164523012769 -0.117898394240575
0.121380410735429 -0.176438510065426 0.0984113029965216 0.0307074682357504 -0.149329564968137 0.307930875911025 -0.0677441803621165 0.0505704467546381 0.0527448781595104 0.047809041811283 0.158077421390656 0.0894728465227175 0.0155838960977632 0.0682371263567167 0.00391659255071857 0.0543434404240312 -0.232079263336914 0.0117941317679574 0.0392170892509113 -0.0258724982059345
0.235881376116146 0.142794341688912 0.234018080524298 -0.394891614662255 -0.00523754331435254 -0.0433055134058666 -0.109608510598728 -0.13373464746019 -0.0371597025237325 0.0861020287555531 -0.202438615161414 -0.133482381658517 0.00738827069129257 0.207520398704658 -0.167034447391008 -0.0237205770311944 0.00348081088620306 -0.0460186746036042 0.204997733316278 0.284854060092653
-0.145020618443371 0.144864595012833 -0.12427121845987 -0.382764459097608 -0.0369799098634596 -0.166621952101385 -0.131821318242011 0.030685019305617 -0.253987475356315 -0.171402293534786 -0.0177181930583939 0.122191303478649 -0.152870248681253 -0.20810576341444 -0.196429246050081 0.193061883015399 -0.0213466231454735 0.268408713191883 0.0401632122825003 0.11245404593275
-0.223838866041583 -0.368157428062309 -0.163974651038662 0.0100699976130328 -0.0414534370418208 0.0446702269987893 0.0528145907760108 0.0370960561699262 0.17976192267666 -0.134936283349111 -0.0118659291901991 0.0434474751955696 0.224358278516588 0.172879989359846 -0.0376530392072998 -0.174677922348406 0.0694221682859039 0.321994461712765 0.0857416381649665 0.263086668701868
