3.7647096
5.2436973
5.142444
5.2787502
6.1244499
5.9337205
6.5336243
7.4462215
6.48065
6.5937267
6.5062222
4.4263102
6.6174084
5.8793052
6.2083804
6.151839
5.6291915
5.8556275
5.608873
5.2424599
5.188149
5.2724
3.6794485
5.5744313
5.4459826
5.4462825
5.1477622
5.2545606
5.1264276
5.2254334
5.2648354
5.1723184
5.2787664
3.9814297
5.5256753
5.7618382
5.4099308
5.5907022
5.3984843
5.2429988
5.2080422
5.1999153
5.1819181
5.2659463
3.6483361
5.564437
5.6404122
5.4375381
5.3549888
5.3141957
5.342489
5.6933219
5.9363461
5.5680847
5.6604812
4.0608774
5.3263966
5.9084212
5.3055198
5.6447809
5.6122286
5.6334821
5.2542115
5.7324014
5.9038221
5.5969986
3.8428653
5.4110049
5.4054709
5.8076756
5.5372151
6.3300892
5.6154209
5.7407588
5.5833172
5.7975157
5.7622789
3.9166556
5.5372822
6.0097585
5.7119035
5.9190335
5.930215
5.6758734
5.6636274
6.2834544
5.608603
5.4083417
3.7173219
5.4811741
5.2871892
5.2611899
5.5648124
5.3273141
5.7305519
5.6828695
5.410351
5.243784
5.2329143
3.6476809
