49.2324308
46.6788086
48.300714
47.2247697
46.9245633
42.4141396
42.1134965
46.8700366
46.8074773
47.4504435
25.5334882
46.7345343
46.1791082
47.4249347
45.0557211
46.1266982
48.3143894
47.9228892
45.5480172
46.8027353
46.92164
25.870269
47.6822532
47.7254012
46.8919049
47.2094364
47.8766531
42.2816879
51.5149249
50.0624733
47.7887763
48.139889
26.3144812
47.7310497
47.7154296
39.7211897
39.88688
38.7173538
42.1114701
47.4370376
46.9348308
47.0124734
49.1656707
27.5083391
47.8213008
49.0255211
47.0673214
46.8710678
47.6935521
48.6496228
48.9802479
46.9341252
47.5033665
47.8943162
25.6707462
46.8633783
48.7381982
49.4185987
53.3177806
49.5473964
46.573448
48.3267678
48.357627
47.7284236
48.7042976
25.9480161
46.8337014
47.1183833
47.2631392
47.7601499
46.3431501
47.2018349
46.8608715
47.5306997
47.1557311
49.1253085
26.0043884
48.8783668
46.2968072
46.4065242
47.5355542
46.7718403
47.6460601
57.6249803
48.3638695
46.9388715
47.0155884
25.4130552
47.4972925
47.2564836
46.5501842
46.4610955
49.0745915
46.9574871
47.2055057
47.9860963
47.1838373
47.2482359
25.9389802
