9.4088818
16.0756369
15.4579808
16.2490835
16.6869215
15.3044375
14.5840599
18.0188836
16.2111324
16.2371655
15.9891517
9.5096781
15.870769
17.1992489
16.3798635
16.6784149
15.7880318
16.4198002
16.072037
16.0546762
15.6363809
16.5416954
10.2623652
16.5827331
15.9356299
15.9279554
16.0237082
14.8849993
15.9787297
17.7591162
16.2620118
16.2868933
16.2294586
9.7880681
16.1450377
14.7650306
15.4357347
16.0055837
15.155726
16.4373097
16.1677686
15.5584531
16.120824
16.3540952
9.4280433
16.7068921
16.4259524
16.8368059
16.8868921
16.2745187
15.8830429
17.2948283
16.0531915
15.2587542
16.137406
10.1250335
16.113002
14.9659271
14.7308778
14.6180471
14.6616166
15.1564299
14.8533113
16.0242674
15.7408978
15.4571368
9.4110047
15.3735966
15.0495466
17.0280288
15.6939601
15.7689453
15.2168871
15.2828342
15.4015688
15.9557438
15.8370987
9.3072445
15.9811085
15.3155598
15.3944878
16.7555663
15.2614007
14.4337501
14.3173399
14.7344793
14.2349187
14.6258631
8.6789992
14.8360011
14.1955243
14.7589258
14.200491
14.5063886
14.2131954
14.5166279
14.0480023
14.8390944
14.7234711
9.125051
