6.7647045
10.8766994
10.6762699
11.0076362
10.9435261
10.8356378
6.8828874
10.7407241
10.7329691
10.7279384
10.6947448
10.6604734
6.5698179
10.6678026
10.6423713
10.8528227
10.9221781
10.6986243
6.7185048
10.8032296
10.8166055
10.8618418
11.2499783
11.2319976
6.6932876
10.5949189
10.7209998
10.5026997
10.5556718
10.7868552
10.7010695
10.7773989
10.6244067
10.7058363
10.7318701
11.3309787
10.6417588
10.5933345
10.6667174
10.7396355
10.7803245
10.6800337
10.5606143
10.887175
10.6999337
10.794654
10.7784733
10.8757171
10.676592
10.7032874
