111.2073212
106.6300298
114.5928041
109.4624962
110.6497837
110.7940985
113.6984635
110.6936673
106.8715289
110.0022337
111.3182125
114.6609269
111.2006776
110.8500378
110.6418202
109.7639031
111.7764366
110.7828176
105.6486333
112.1612498
110.7805633
112.4404704
106.3809757
112.0054492
106.8097922
112.9223451
112.8398739
111.5459692
110.826588
111.3941584
105.0739881
113.528877
110.4671246
111.3893571
105.5459757
111.1318388
108.3394512
112.2699905
113.5226386
113.5012815
112.2128161
112.0054738
105.2534332
112.2338072
109.3167854
112.4267874
113.7402094
107.0843883
112.1209288
111.8484155
