1.8418447
1.903091
1.8922131
2.0628577
2.094171
1.6990551
1.8684568
1.8940169
2.2737854
2.0296351
1.9731164
1.9842081
1.8332612
1.8045458
1.8464103
1.813125
1.8500389
1.7875406
1.9031634
1.8933296
1.8509263
1.8945056
2.013495
1.8733702
1.9512337
1.8581171
1.8758664
1.8770293
1.8389875
1.8151438
1.8177048
1.884676
1.8279779
1.835615
1.8249491
1.8335049
1.8344455
1.9318906
1.902913
1.8566416
1.8539775
1.9376787
1.83237
1.8685526
1.9124539
1.8036467
1.8692652
1.8376478
1.9145645
1.8527407
1.815527
1.866062
1.853524
1.876112
1.9214274
1.8345765
1.8657256
1.7840133
1.843298
1.876505
1.8346738
1.8497592
1.871385
1.8518632
1.8484328
1.8908436
1.9200019
1.835087
1.8400011
1.7608653
1.8657413
1.7473489
2.3270659
2.5506311
2.3969042
2.2345078
2.0803453
2.0586812
2.0738033
2.0514942
2.0819253
2.1092111
2.1117004
2.1004508
2.0299793
2.127819
2.1224162
2.1241029
2.0730607
2.1109876
