11.748377
12.2294245
11.7468747
11.7479994
11.7963619
12.0826726
11.9260739
11.9696944
12.1592454
11.726481
11.8227933
12.3127972
12.0515022
13.563225
12.1511873
13.6978082
14.875643
11.7814978
11.9375314
11.8260072
11.844406
12.3288246
12.1672494
12.2305906
12.2916811
12.0520099
12.1065532
12.1777532
12.1754287
12.0397854
12.1237401
12.082821
11.6409928
11.8057272
12.2595159
11.9589477
11.951943
12.006974
11.9548235
12.6499688
12.2559922
12.084237
11.7983158
12.0617725
12.2567401
12.1762604
11.8159336
12.0359223
12.0223435
11.8848045
11.8333753
12.1420827
11.7264466
11.8836342
11.6661502
11.9409886
12.002175
11.8356967
11.9943111
11.8701595
11.6049125
11.8001583
11.739516
11.6678583
12.7632301
13.2770401
11.9498287
12.0515268
11.9149761
11.7174775
11.803934
11.9603898
11.620489
11.6263713
11.9204502
11.607572
11.8263069
10.8964303
10.7571047
10.4967996
10.5846496
10.8865264
10.7464983
10.6201034
10.8466362
10.672631
11.0301163
10.7379359
10.7016022
10.62979
10.5402128
11.087666
10.3881325
10.6326709
10.9272775
10.4746079
10.5494921
10.7261687
10.8366886
10.671457
