5.5912284
5.6979614
5.8638206
5.7287776
5.8124486
5.6978997
5.6100566
5.5941201
5.704583
5.7081362
5.7277534
5.8721867
5.686677
5.698028
5.7684283
5.7139045
5.6679375
5.8619314
5.9085682
5.3706893
5.3005291
5.1636242
5.2495523
5.2360707
5.3519206
5.3078023
5.4116234
5.2400952
5.2907304
5.1214995
5.2836072
5.1416216
5.2359422
5.2016404
5.1566325
5.1958401
5.1646359
5.256488
5.071856
5.1478019
5.1922139
5.1851535
5.2236935
5.3197067
5.1823139
5.1495524
6.3856934
6.2293926
6.3214379
5.613818
5.7729601
5.6323198
5.7143197
5.7796577
5.7282295
5.6733079
5.5411289
5.613625
5.7063747
5.7775029
5.7207962
5.5841266
5.6776912
5.8165717
5.760483
5.7066542
5.6534341
5.725773
5.8187733
5.822012
