10.3785975
9.9709514
10.0340575
10.1202685
10.4003708
10.4041044
10.4523018
10.1413492
10.5533622
11.1592623
10.3252217
10.3453585
10.5070382
10.5319383
10.3138663
10.4899719
10.5244565
10.6058889
10.6976864
10.4626214
10.4571007
10.6204105
10.4646634
10.3949502
10.3283568
10.1879411
10.5665274
10.5066227
10.9089683
10.5236261
10.4121559
10.562315
10.6320365
10.6503983
10.5162902
10.7651584
10.9095696
10.785534
10.8444216
10.7387632
10.6685544
10.852889
10.7438534
10.7210136
10.7347004
10.7869564
10.8670781
10.6505327
10.6295864
10.6824711
