11.349811
11.2892211
11.3018192
11.3653936
11.3187949
11.4472797
11.3655425
11.2487582
11.3480944
11.3443248
11.3067142
11.289506
11.2890767
11.3060942
11.3050783
11.3422905
11.3196179
11.7390108
11.3870976
11.1855498
11.2632258
11.1966076
11.2080784
12.299261
12.2210418
12.3063563
12.6295958
12.2655129
12.3235176
12.3085868
12.4088952
12.352159
12.2883161
12.2880084
12.2704191
12.3332575
12.2443941
12.2501838
12.4100542
12.3046499
12.2041715
12.2276108
12.1245753
14.4892447
12.9487545
11.9997722
11.6572001
11.3721936
12.0992342
12.9969579
