14.0601409
13.8662145
14.1296401
14.0459394
14.0158842
14.1367228
13.9992025
14.0227657
14.0501159
13.9563461
13.9290613
14.0060053
13.9359101
13.9676354
13.9738432
14.0624949
13.938675
14.003294
14.2879363
13.9856714
14.7700483
13.2557675
12.8650373
12.8116543
12.7713088
12.7994814
12.7728344
12.7198362
12.8219323
12.7709126
12.8408529
12.7115324
13.139622
12.6951387
12.7403326
13.0314652
14.5685026
13.8692073
13.8426794
13.8355064
13.9598705
13.783729
13.9168185
13.9579452
13.87592
13.9844452
14.299071
13.9097933
13.9379596
13.8580459
