13.5034516
13.3744845
13.1435344
15.2299921
13.0697129
11.9470883
13.6395279
11.9026087
12.088494
12.0347642
11.8669781
11.8899114
11.933508
11.8323884
11.9920385
11.969262
11.9905588
12.4388846
12.2052169
11.3596141
10.9165084
11.0904412
13.1940823
12.1154631
11.9631487
11.9396327
11.99299
13.0422435
11.9874112
12.0245295
11.9674328
11.9929529
11.9590809
12.0765043
12.2186601
11.9920332
12.7258072
12.7357218
11.3042582
11.6267757
11.1466009
11.1852812
12.1587073
12.7566079
13.6305512
11.8066932
11.5211254
11.5909592
11.6072189
11.8714469
