3.345043
4.061919
4.1895407
3.9378424
3.7330068
3.801656
3.6923524
3.8821617
3.6968092
3.8172719
3.759444
3.6523799
3.7202352
3.8369279
3.8976652
3.9267285
3.7712393
3.7505317
4.0893415
3.895712
3.9004492
3.9326717
3.5615779
3.8115888
3.757966
3.8442721
3.7922002
3.8463723
3.8478676
3.8155203
4.216953
3.8076771
3.8708232
3.6530117
3.8244957
3.8913281
3.8429871
3.7991476
4.1558752
3.9069351
3.8787973
3.8325622
3.7801533
3.8612825
3.6579458
3.8081205
3.8401534
3.9197741
3.7532058
3.889085
3.8588698
3.8668326
3.8081208
3.8382247
3.8897745
3.6584601
3.7995982
3.8685985
3.8282926
3.8779328
3.9470237
3.7955223
3.832376
3.8455415
3.8730548
4.0796509
3.6513537
4.1245385
4.2060084
4.0065891
4.1090778
4.0913313
4.0726519
4.9171763
4.2642813
4.1668353
4.0826545
3.9384969
4.2395689
4.1360836
4.1761481
4.6781635
4.7959646
5.193952
4.5604936
5.208613
4.6135265
4.1926793
4.5561235
3.7720536
4.5984675
4.1158509
3.9541772
4.1649508
3.9963851
4.0302282
3.9841001
3.9328474
3.9069118
3.7690849
