118.1843415
115.6574729
124.5580233
112.0353968
130.0227555
121.8898087
119.557716
98.5860326
89.8122879
95.6691826
96.1986645
91.4302398
95.9452458
98.9701307
99.9723518
115.4126536
101.3614699
95.0373453
117.35788
114.2941092
94.9039618
96.1157827
115.1521209
99.3816994
113.8959121
113.4561525
96.1793332
96.2859203
109.659573
91.3564499
95.1442814
100.68475
117.1292761
98.6259625
98.9522471
108.034005
96.7016062
100.8042915
101.9958713
97.677065
98.5218217
99.0583999
98.0758136
98.7641576
99.9526282
99.3682548
97.1960287
102.2179849
116.9805992
99.8088104
99.1268504
96.9967301
115.5836524
97.028831
132.1504844
134.9202076
115.6669391
123.828458
131.8728614
118.1204912
120.7099524
118.6157921
120.8843978
126.3906157
118.9075338
134.8785972
116.2869906
119.3985663
120.8348718
117.2847389
118.6382263
111.5181056
112.5230348
112.7874967
111.8179658
112.0085614
119.9468778
101.9661277
129.6837522
115.5187636
113.7353998
119.3938396
138.7032264
98.1910203
113.5795642
135.146602
108.6276866
