2.430873
2.4935083
2.5167043
2.4965001
2.6280333
2.7317072
2.5507125
2.5044531
2.5304094
2.4989875
2.5568961
2.3885915
4.5285986
5.4266632
3.4606817
3.2358489
3.2252183
3.3812203
3.1187343
3.0923044
3.1089724
3.0772828
2.859491
3.0940464
3.1154755
3.1384342
3.0765004
3.0673081
3.1042342
3.0787706
3.1006889
3.1133116
3.1099524
2.8892467
2.9077778
2.6695378
2.5378603
2.5173744
2.5135971
2.4980581
2.506107
2.5159496
2.5131661
2.5282054
2.3763935
2.494743
2.7371879
2.7692767
2.5505668
2.5126577
2.5051676
2.53076
2.4929155
2.5054348
2.5076317
2.3763463
2.5196813
2.511776
2.5039129
2.5546967
2.5439091
2.5180703
2.541761
2.5001308
2.5129662
2.5076377
2.4045806
2.5552956
2.5138953
2.513797
2.7564782
2.6485549
2.7925544
2.5683039
2.6830794
2.9647443
3.2139598
3.3880528
3.2399995
2.9886311
2.9886506
3.0439768
3.0818706
3.0096303
2.9828184
3.0295643
2.9559763
4.5189709
4.8844698
4.3940599
3.8900777
3.3065795
2.9998464
2.9070041
2.9425397
2.8864626
3.2216383
2.8634955
2.8866137
2.713896
