13.8015136
14.427821
14.6273767
14.4430547
14.461717
14.5501456
14.6145559
14.4703299
14.5204646
14.5818125
14.4755093
13.6624221
14.5428867
14.5107075
14.7167972
14.6811954
14.5825941
14.2995676
14.3463684
14.3885262
14.8376071
14.4690391
13.7202851
14.3630525
14.4740561
14.3984787
14.2560958
14.2012781
14.3861578
14.1543798
14.4687145
14.3138788
14.5558026
13.4097358
14.4015262
14.5272145
14.5268574
14.2506764
14.2581948
14.6630173
14.7347794
14.2404112
14.1209774
14.2816333
13.4607679
14.472295
14.3036876
14.1514967
14.3277027
14.1595159
14.4101837
14.5775936
14.399755
14.3579873
14.4342366
13.9175288
14.559182
14.3116313
14.4883906
14.4377789
14.4261801
14.4647971
14.6557886
14.4531253
14.3065956
14.6286042
13.7857934
14.4765926
15.0119989
14.5663086
14.3571579
14.3938452
14.4290456
14.4253377
14.461952
14.4756956
14.4083446
13.6830227
14.6422479
14.3287642
14.392368
14.4531631
14.450866
14.5092082
14.531323
14.5090585
14.5372574
14.4260378
13.7605727
14.1581777
14.2429374
14.5237299
14.537662
14.5021442
14.4745523
14.4771668
14.5918291
14.3775862
14.5543511
14.4830168
