55.2907342
65.0245214
65.1611624
65.8161986
62.2662506
65.0476906
60.2722178
63.573762
68.620848
83.9319962
64.2621886
68.6890457
58.7574593
65.226813
63.8319874
65.6769352
70.2563241
68.4393345
58.5461348
84.4387379
63.9666209
84.5094893
62.3816589
85.032109
75.5423206
62.3961024
66.4294152
65.0993739
62.4384789
63.9452063
64.4165981
84.0297189
64.2618084
79.8089157
87.4789625
69.6110224
70.9941586
65.8270878
69.1844202
70.2410146
65.8917031
66.6366831
63.9938218
66.9112658
63.6575486
65.9618575
69.0456077
63.3069618
84.5420735
79.3039139
