6.4927588
6.7347808
6.8283533
6.7151239
6.7506897
6.7806355
6.8744802
6.9112793
6.8477283
6.813724
6.819574
6.4024224
6.7909185
6.9406297
6.8355081
6.8522636
7.0271391
6.8484519
7.0916674
6.8101646
6.8230015
6.7774439
6.3831585
6.8182333
6.7746037
6.8387238
6.9826569
6.8793041
6.8757883
6.796752
6.8007908
6.8746654
6.9032728
6.4566985
6.9243409
6.8224475
6.9042364
6.8220526
6.7997524
6.8580286
6.7804506
6.7541465
6.6941344
6.7450246
6.2011292
6.7668434
6.80259
7.1397076
7.1498838
7.0031265
6.8762808
6.7842924
6.7843031
6.9275243
6.863292
6.3522224
6.9200915
6.8594633
6.8502475
6.7430721
6.9857229
6.9917451
6.0277991
6.0742586
6.6616372
7.85901
6.8454899
7.1013093
6.6943201
6.5206236
6.4223588
6.5818014
6.5389559
6.5337409
6.6826785
6.6049107
6.7151392
6.2589373
6.4996221
6.5231753
6.6595861
6.6457857
6.6603475
6.6584028
6.6379496
6.6080232
6.594017
6.610059
6.2094385
6.4700973
6.4366861
6.5381995
6.4251611
6.3997502
6.4663028
6.388521
6.5613681
6.3510387
6.4453342
6.0713127
