5.0278354
5.1918474
5.1632935
5.207766
5.2125938
5.2261231
5.5323169
5.1667475
5.1883427
5.2403544
5.2448822
4.9297093
5.144612
5.2081202
5.2518226
5.3049066
5.1880504
5.1685694
5.2534002
5.2724703
5.2606261
5.1742332
4.8896198
5.2859816
5.1796979
5.7485983
6.4520073
5.2091496
5.8346316
5.3868789
5.3694299
5.1976257
5.2903874
5.0135177
5.3324216
5.2667791
5.2051378
5.1514417
5.3164559
5.2169175
5.426021
5.2644493
5.1856437
5.2736194
4.9513863
5.3179284
5.3303194
5.1768197
5.3924297
4.8050236
5.3600754
5.3487262
5.4252382
5.4765296
5.4171488
5.2171137
5.3763253
5.4229998
5.2968378
5.3740224
5.5445185
5.3617636
5.4645227
5.4067016
5.4248269
5.3825605
5.6458578
5.4825198
5.3441692
5.3298046
5.4326216
5.3370928
5.4441772
5.3037373
5.2872539
5.3271195
5.2907409
5.1888335
5.3107815
5.3538598
5.3611632
5.3053023
5.2972703
5.2407053
5.3020539
5.2748802
5.3904071
5.3211447
5.1233899
5.2912513
5.4196232
5.3102234
5.3414762
5.2287681
5.246098
5.2036928
5.2191348
5.3840589
5.4587713
5.0203659
